/*--------------------------------*- C++ -*----------------------------------*\
  =========                 |
  \\      /  F ield         | OpenFOAM: The Open Source CFD Toolbox
   \\    /   O peration     | Website:  https://openfoam.org
    \\  /    A nd           | Version:  14
     \\/     M anipulation  |
\*---------------------------------------------------------------------------*/
FoamFile
{
    format      ascii;
    class       volScalarField;
    location    "10";
    object      p;
}
// * * * * * * * * * * * * * * * * * * * * * * * * * * * * * * * * * * * * * //

dimensions      [0 2 -2 0 0 0 0];

internalField   nonuniform List<scalar> 
400
(
2.65158893182013e-08
-9.39360099554907e-05
-0.000161237173860109
-0.000440832683480675
-0.00137470778641192
-0.00292033097593554
-0.00470480665257712
-0.00639788766678772
-0.00775544618314268
-0.00864925568077391
-0.00896754984273821
-0.00862078413851615
-0.00760217262934958
-0.00589704684725922
-0.00351178969324403
-0.000590766118223682
0.00255151282060538
0.00531242773743318
0.00701843152770867
0.00737080110864068
9.32569586100888e-05
-1.92961390972766e-05
-0.000266351612633723
-0.000939055042974673
-0.00214482176764387
-0.00377547435116393
-0.00553283403567245
-0.00715897603607545
-0.00847526314005417
-0.0093554635047003
-0.00970081922432908
-0.00946439173835656
-0.00859547372523081
-0.00705216071280523
-0.00486176518419693
-0.0021082748015378
0.00095109018817849
0.00382957677745376
0.00586851116069904
0.00666795592552479
0.000265234499323906
-0.000101668423541166
-0.000783755662676729
-0.00191709439879014
-0.00346392750805797
-0.00521818845275751
-0.00696037703085039
-0.00852489742115759
-0.00978656270743058
-0.0106098295125896
-0.0109306907457402
-0.0107184580717679
-0.00995410050704615
-0.00862617916470503
-0.00673670857073462
-0.00433484460839755
-0.00157164788688208
0.00124371723136005
0.00358761328295214
0.00475382269536908
-1.8658880391309e-05
-0.000632962698617647
-0.00176100632257088
-0.00333151283970502
-0.00514816219727981
-0.0069967371401562
-0.00870957161488489
-0.0101674076470912
-0.011274160049
-0.0119782576597722
-0.0122509428227484
-0.0120715397761093
-0.0114207338851454
-0.0102951927587716
-0.00870019782936836
-0.00666923013082485
-0.00428757098582111
-0.00173403656519668
0.000615744574817499
0.00185750672319387
-0.000922066770379766
-0.00174431627705402
-0.00317802454500357
-0.0049867155061381
-0.00690853048448472
-0.00874349971096383
-0.0103599183306599
-0.0116790296252669
-0.0126529450016172
-0.0132612577321454
-0.0134914226406989
-0.0133343655341272
-0.0127843824766942
-0.0118436886541562
-0.0105202609159063
-0.00883911203995072
-0.00685175430479289
-0.0046569713022767
-0.00251275159101533
-0.00133521220657382
-0.00239640277573525
-0.00330182635028282
-0.00483093226588562
-0.00667408800238562
-0.00856119135232167
-0.0103022432883453
-0.0117909468054655
-0.0129768655803493
-0.0138387377756757
-0.0143685580532126
-0.0145636136888987
-0.014424702244544
-0.0139562381955073
-0.0131671646133822
-0.0120706854860278
-0.010688598266593
-0.00905762749070011
-0.0072398896652728
-0.00548471111398897
-0.00436820144461428
-0.00408852524390319
-0.00499272115939603
-0.00646436342190631
-0.0082227673925791
-0.00999727368438813
-0.0116076396620578
-0.0129643626848189
-0.0140320175479003
-0.0148010422898649
-0.0152703335917181
-0.0154421740588706
-0.0153218845611072
-0.0149184449531072
-0.0142463189149209
-0.0133248794303818
-0.0121775516598639
-0.01083911884525
-0.00935778686345015
-0.00797881260986326
-0.00698057227504139
-0.00565520091072643
-0.00650912169508525
-0.00786510782477915
-0.00950085078562745
-0.0111417247868634
-0.0126215544287451
-0.0138617457999163
-0.0148338835137294
-0.0155327548149505
-0.0159598819210572
-0.0161191216415051
-0.0160167566884557
-0.0156631128278869
-0.0150759373993103
-0.0142808368727533
-0.0133066290983599
-0.0121923400483317
-0.0109804861512721
-0.00991460472889383
-0.00902562963715153
-0.00686790948956123
-0.007667075835539
-0.00890075053580614
-0.0104223083026542
-0.011945576709149
-0.0133203864453816
-0.0144739511307041
-0.0153795086694147
-0.0160320946980687
-0.0164333077681965
-0.0165868494054899
-0.0164983626802805
-0.0161783071232505
-0.0156459826382303
-0.0149324116443328
-0.0140742072691051
-0.013123656969011
-0.012099362503616
-0.0112576189970439
-0.0104688827295951
-0.00764097727308456
-0.00835437590883147
-0.00949730639177246
-0.0109410296086105
-0.0123815673404558
-0.0136908845931565
-0.0147952999757414
-0.0156657846412473
-0.016295370037989
-0.0166845538490584
-0.016836297661475
-0.0167553693062435
-0.0164520736192829
-0.0159463806713775
-0.0152738541563721
-0.0144769928496667
-0.0136393724237316
-0.0127090973976634
-0.0120532579165294
-0.011287863605832
-0.00793015585061739
-0.00855953958102401
-0.00964777874499022
-0.0110415138813859
-0.0124415702366304
-0.0137277314808548
-0.0148215065958991
-0.0156882844809675
-0.0163172525230097
-0.0167070965291939
-0.0168597292182354
-0.016779169874931
-0.0164756759095138
-0.015969581190178
-0.0153008169365943
-0.0145106499903746
-0.0137475261158272
-0.012799963491628
-0.012337721856358
-0.0114777707531476
-0.00772601397402601
-0.00830831120465574
-0.00936034744348053
-0.0107318416773802
-0.0121309495743516
-0.013430907328736
-0.0145489632735501
-0.0154419908971149
-0.0160927410219583
-0.0164964304885015
-0.0166532282856277
-0.016566069603941
-0.0162456657869928
-0.0157132627127534
-0.0150128875185856
-0.0142043820471018
-0.0134117163037271
-0.0124185106326356
-0.0121532741696165
-0.0110244045276229
-0.00710692476652098
-0.00767010719644292
-0.00869694274036163
-0.0100441340354451
-0.0114665930370408
-0.0128086222262316
-0.0139803771992508
-0.0149270932534943
-0.0156217184041897
-0.0160533910932097
-0.0162192389254076
-0.0161202731410629
-0.0157679952650299
-0.015185294256924
-0.01442287614916
-0.0135464932176618
-0.0126717029818639
-0.0116403594548667
-0.0114495069994695
-0.00996190333476236
-0.00620854278982452
-0.00673816378266014
-0.00772302616384069
-0.00902845484228167
-0.0104693025338328
-0.0118699992524818
-0.0131205546616214
-0.0141476876630794
-0.01490959141941
-0.0153858698774842
-0.0155687797300412
-0.0154566144023361
-0.0150610086910274
-0.0144070543729045
-0.0135532189847352
-0.0125655862104464
-0.0115767257511788
-0.0104725194038783
-0.0102246010219449
-0.00837726302129448
-0.00520885976459618
-0.00566037139940036
-0.00653730210001382
-0.00775799692223208
-0.00918991741941314
-0.0106515538944187
-0.0119986984177161
-0.0131293270098993
-0.0139811248789369
-0.0145202792866514
-0.0147324795914777
-0.0146115006566629
-0.0141673853445462
-0.0134271101306528
-0.0124573726914402
-0.0113208162348114
-0.0101765508373941
-0.00891980059886562
-0.00851872025969906
-0.00630064263251192
-0.0043122451157834
-0.00457450886038091
-0.00522259604582355
-0.00628736823369859
-0.00767901927349434
-0.00919803795733006
-0.0106551171398515
-0.0119103602782458
-0.0128758209071533
-0.0134998810499146
-0.0137601407314466
-0.0136466371287439
-0.0131643659384771
-0.0123362367590435
-0.01123476265812
-0.00991127019355686
-0.00854486399263584
-0.0070142096437252
-0.00631770840749586
-0.00352101298553448
-0.00370659658557957
-0.00362186726329021
-0.00390849455833815
-0.00474406775199194
-0.00606399864808777
-0.00762949726086779
-0.00920053075917868
-0.0105941966301863
-0.0116934937875323
-0.0124250504756299
-0.0127557295812844
-0.0126683560244326
-0.0121777930337291
-0.0112760507194093
-0.0100350110095969
-0.008477275177879
-0.00677454416909439
-0.00476836228809587
-0.00339980089235774
0.000791512524055472
-0.00341079098217162
-0.00280069354707816
-0.00264862410227673
-0.00323175710648652
-0.00446719688331885
-0.00606373578108355
-0.00773906106635786
-0.00927772294562622
-0.0105296404172577
-0.0113943211814143
-0.0118239456704242
-0.0117912615020637
-0.0113116132129717
-0.0103739868842918
-0.00900778230759492
-0.007169631833821
-0.00497355563825776
-0.00211550134992897
0.000816172913667518
0.00841089129643448
-0.00335232936322109
-0.00213696030999581
-0.00166575328339054
-0.00205527300711108
-0.00321094080230672
-0.00482725353368215
-0.00659252614348861
-0.00826138167766372
-0.00965442645842284
-0.0106557453634897
-0.0112021076664454
-0.0112620153025648
-0.0108193719774108
-0.00985070424091229
-0.00834666825120183
-0.00619810895795154
-0.00332495122118171
0.001139187948002
0.00742869170903466
0.0204909869039566
-0.003834046811881
-0.00072361049062238
-0.000134871603673254
-0.000699441800993599
-0.00190027723326899
-0.00357259757053157
-0.00545496710269237
-0.00726197922129841
-0.00879070116862583
-0.00991046590965367
-0.0105514449896163
-0.0106738254975551
-0.0102533809690228
-0.00926434077834375
-0.00766213681179136
-0.00528536878441427
-0.00126457278815035
0.00578719638601891
0.0177889512207661
0.0356237767995022
)
;

boundaryField
{
    movingWall
    {
        type            zeroGradient;
    }
    fixedWalls
    {
        type            zeroGradient;
    }
    frontAndBack
    {
        type            empty;
    }
}


// ************************************************************************* //
