/*--------------------------------*- C++ -*----------------------------------*\
  =========                 |
  \\      /  F ield         | OpenFOAM: The Open Source CFD Toolbox
   \\    /   O peration     | Website:  https://openfoam.org
    \\  /    A nd           | Version:  14
     \\/     M anipulation  |
\*---------------------------------------------------------------------------*/
FoamFile
{
    format      ascii;
    class       volVectorField;
    location    "10";
    object      U;
}
// * * * * * * * * * * * * * * * * * * * * * * * * * * * * * * * * * * * * * //

dimensions      [0 1 -1 0 0 0 0];

internalField   nonuniform List<vector> 
400
(
(0.00285671555681999 -0.00330837249416582 0)
(0.00152226891573641 -0.000443660811372622 0)
(-0.00746809925189262 0.00427064584751804 0)
(-0.0312579285098962 0.0119625397896923 0)
(-0.0646471062892011 0.0145919712497119 0)
(-0.0911595582832654 0.0125985242449862 0)
(-0.115019887466168 0.0107491010170604 0)
(-0.132980845600964 0.00832704022061608 0)
(-0.147282278816677 0.0062848333258676 0)
(-0.156919584159283 0.00398739941828357 0)
(-0.162500684000329 0.00215642378791824 0)
(-0.164576961961986 0.000185151210231595 0)
(-0.162769969719258 -0.00308365246563581 0)
(-0.155648812694464 -0.00521039317163856 0)
(-0.143952357520743 -0.00861910931005447 0)
(-0.125890673261097 -0.0115058915065288 0)
(-0.101923249400733 -0.0149631935125033 0)
(-0.0717290868101788 -0.0168785981511923 0)
(-0.0383486599312418 -0.0152866631528972 0)
(-0.00954458300128577 -0.00425576926993737 0)
(-0.00246762721740593 -0.00142788397533374 0)
(-0.0142760656729249 0.0132045022659365 0)
(-0.041383531764176 0.032448527455245 0)
(-0.0703466439596521 0.0412200268900277 0)
(-0.0951711835422037 0.0399100781425201 0)
(-0.115603515197846 0.035596584531445 0)
(-0.132824395369018 0.0299163829736798 0)
(-0.14555425789531 0.0240289896847284 0)
(-0.156398859107852 0.0172405411162595 0)
(-0.163418451430977 0.0112867641729991 0)
(-0.167561043248604 0.00537771812278928 0)
(-0.168032271773648 -0.000414575706358973 0)
(-0.16508762125519 -0.00680096020393317 0)
(-0.158472520078808 -0.0138238162750818 0)
(-0.147750297174329 -0.0222855084286614 0)
(-0.13209711513155 -0.0318448504944051 0)
(-0.111264650904119 -0.0427204707745075 0)
(-0.0848976692458465 -0.0524073771654005 0)
(-0.052864320096348 -0.0550004646088886 0)
(-0.0196997753960167 -0.0363136231752428 0)
(-0.00885695394843902 0.0153259573128061 0)
(-0.0331680131374113 0.0418933856469168 0)
(-0.060094260704673 0.0581584008164685 0)
(-0.0828015876195733 0.062141082564263 0)
(-0.101123784213514 0.0581511506788432 0)
(-0.116091799289227 0.0506349489349235 0)
(-0.128010466837831 0.0414952944861243 0)
(-0.137057306187102 0.0319252771884782 0)
(-0.143207323997545 0.0233480040790656 0)
(-0.146302697163442 0.0146901059290377 0)
(-0.14735489842013 0.00616952731728584 0)
(-0.146150736413445 -0.00251624445368339 0)
(-0.143099172588457 -0.0115385911115357 0)
(-0.13709355452201 -0.0214181649442231 0)
(-0.128356104107775 -0.0327979442869232 0)
(-0.116055940245351 -0.0461014101160193 0)
(-0.0997337872281153 -0.061670553540645 0)
(-0.0788700531875741 -0.0786022666817381 0)
(-0.0519093988095593 -0.0908701652372832 0)
(-0.0226326794016761 -0.0793077916701572 0)
(-0.0128474488441375 0.0398420634962295 0)
(-0.0385592466830409 0.0661535069825526 0)
(-0.0617872403474994 0.0787443166365206 0)
(-0.0793373038072013 0.0793467484336216 0)
(-0.0928777283921364 0.0726640046659062 0)
(-0.1033295841384 0.0625483511423388 0)
(-0.110961576930804 0.0508650049943943 0)
(-0.11637949464114 0.0389228183629864 0)
(-0.119700692247937 0.0274745277687544 0)
(-0.121436518699718 0.0164446613874926 0)
(-0.121591418643856 0.00590734147772792 0)
(-0.12012399282122 -0.0046583152304558 0)
(-0.116958004733821 -0.0156854348363258 0)
(-0.111861645371013 -0.0278035329548719 0)
(-0.104807521987267 -0.0416479323904218 0)
(-0.0954150748012029 -0.0578524672444281 0)
(-0.0829907300054328 -0.0767687534684232 0)
(-0.0666208986346684 -0.0978705520937905 0)
(-0.0443920172153009 -0.116777218610023 0)
(-0.0204899363002329 -0.11450451238549 0)
(-0.0128723769754952 0.0629005645299138 0)
(-0.036128107299751 0.0877691596229319 0)
(-0.0548587013823527 0.0961925467715832 0)
(-0.0686111643589763 0.0932264028892612 0)
(-0.0787622391374774 0.0834702123325513 0)
(-0.0860643275478531 0.0706122912610535 0)
(-0.0911046685847573 0.0565722109697092 0)
(-0.0945566128146108 0.0427027156609461 0)
(-0.0966095431866309 0.0295830974007141 0)
(-0.0974317915582229 0.017135357766466 0)
(-0.0970004096554699 0.00515476947437185 0)
(-0.0953179694640235 -0.00681775402230555 0)
(-0.0923354361636014 -0.0192373852852065 0)
(-0.0880081787081789 -0.0327877023922986 0)
(-0.082338491039976 -0.0482373624855097 0)
(-0.0752360934514674 -0.0664748615049739 0)
(-0.066182877748091 -0.0882506586772115 0)
(-0.0537888165553199 -0.11357287189938 0)
(-0.0359994345578076 -0.138743642198695 0)
(-0.0180652800899136 -0.144100511245155 0)
(-0.0108725578348036 0.0841049786428198 0)
(-0.0299000787149037 0.106417508682332 0)
(-0.0446155937802511 0.110766028897165 0)
(-0.0553323457976204 0.104137108880014 0)
(-0.0628721189087169 0.0913564501135137 0)
(-0.0680951075598081 0.0760827867422541 0)
(-0.0716439893973613 0.0602495443870143 0)
(-0.0740537366899289 0.0450439127290084 0)
(-0.0754121391159197 0.0307710860694509 0)
(-0.0757992754052584 0.0172185648300617 0)
(-0.0752218729847059 0.00410037496750401 0)
(-0.0736547618242557 -0.00899335762706379 0)
(-0.0710581249590922 -0.0225264093992934 0)
(-0.0674342414868702 -0.0371223120256265 0)
(-0.0628474434184887 -0.0535630517036395 0)
(-0.0573661941521052 -0.0728573335907998 0)
(-0.0508566407512636 -0.0961153568493763 0)
(-0.0419134456852469 -0.124167228195415 0)
(-0.0301882529649167 -0.15513353476554 0)
(-0.012346873631049 -0.168226781622719 0)
(-0.00889103194060297 0.101658264418696 0)
(-0.0224814465542453 0.121281556648085 0)
(-0.0336987488919059 0.122221011169809 0)
(-0.041638420261569 0.112422093108278 0)
(-0.0471158890809434 0.0971731947292908 0)
(-0.0509203987503614 0.0800470287653144 0)
(-0.0535468498662835 0.0629135091452472 0)
(-0.0553552646269156 0.0467134578463717 0)
(-0.056393614301616 0.0315459648685082 0)
(-0.0567169595860523 0.0171396370802187 0)
(-0.0563047464269272 0.0031429115144733 0)
(-0.0550997036228046 -0.0108708434206115 0)
(-0.0530459990641044 -0.0253518186531084 0)
(-0.0501545707473418 -0.0408291271580742 0)
(-0.0465289974200994 -0.0580184651184042 0)
(-0.0423160403273648 -0.0779898568634641 0)
(-0.0376865799044974 -0.102061115409924 0)
(-0.0312153822503505 -0.132079467387355 0)
(-0.0242783375302394 -0.167025296265811 0)
(-0.00993062480331922 -0.188053800406729 0)
(-0.00593650035028514 0.114552466334859 0)
(-0.0149434461890727 0.132325114962183 0)
(-0.0230245403367595 0.130672014633722 0)
(-0.0284345397583181 0.118504321604686 0)
(-0.0322332634878473 0.101472319197015 0)
(-0.0349528913468681 0.0830290267292155 0)
(-0.036917667946691 0.0649582420329968 0)
(-0.0383418984329384 0.0480214604189395 0)
(-0.0392421126090254 0.0322054164304491 0)
(-0.0396421205556624 0.0171774029460365 0)
(-0.0394997302063241 0.00251665670090576 0)
(-0.0387454327632546 -0.0122227407506494 0)
(-0.0373190693325142 -0.0274649714797119 0)
(-0.0352348981478695 -0.0436479867525652 0)
(-0.0326146840698161 -0.0613575201304113 0)
(-0.0296247052788965 -0.0816395817284333 0)
(-0.0266910367818022 -0.1060368372451 0)
(-0.0223237681065039 -0.13725146978913 0)
(-0.0195308726009865 -0.174961570182347 0)
(-0.00634016220679124 -0.203776636443783 0)
(-0.00365831352717446 0.122547440684978 0)
(-0.00795406224513794 0.139252282480591 0)
(-0.0129011564462267 0.135989814729952 0)
(-0.0159863748554883 0.12251112611239 0)
(-0.0183152064948606 0.104403105387766 0)
(-0.020091624905798 0.0851688168054445 0)
(-0.0214779617863628 0.0665127606234342 0)
(-0.0225722570866424 0.0490941969941978 0)
(-0.0233576931560212 0.0328504314261343 0)
(-0.0238299705847495 0.0173988403381577 0)
(-0.0239472418234965 0.00226945504363653 0)
(-0.023652938225098 -0.0129978667505145 0)
(-0.0229006744741759 -0.0288036148714143 0)
(-0.0216976422457013 -0.0455114029250543 0)
(-0.0201846534571187 -0.0635583905737587 0)
(-0.0184785677964949 -0.0839172507683101 0)
(-0.0174042729289569 -0.10834334056965 0)
(-0.0146437359624547 -0.140302992873435 0)
(-0.0156438584097668 -0.17996440288305 0)
(-0.00446849267830981 -0.216386551011364 0)
(-0.000221966985319401 0.125804031588704 0)
(-0.00133758936835719 0.143054212333623 0)
(-0.00339461306055399 0.138823465768679 0)
(-0.00424074546582623 0.124691459500807 0)
(-0.00517331019420681 0.106135507987558 0)
(-0.00600648355845225 0.0865535822935556 0)
(-0.00678836474859644 0.067617877416263 0)
(-0.00751720328109781 0.0499463453844061 0)
(-0.008142122211309 0.0334660926518849 0)
(-0.00863992188111371 0.0177760749075644 0)
(-0.00898177751833941 0.00238195309165545 0)
(-0.00913822326496159 -0.0131855909468747 0)
(-0.00909395536046625 -0.0293126762985678 0)
(-0.00885293204728559 -0.0463070966385731 0)
(-0.00856791024046688 -0.0644698422794297 0)
(-0.00820046151236359 -0.0846527344057655 0)
(-0.00927628999986591 -0.108758643097237 0)
(-0.0078232569744692 -0.141011076363739 0)
(-0.0124820617630903 -0.182064668858534 0)
(-0.00192042828281965 -0.226058020601732 0)
(0.00209542059139155 0.124243182893807 0)
(0.00469283439973836 0.1428690877151 0)
(0.00587623970038334 0.13865399704002 0)
(0.0070699771210974 0.124821835029217 0)
(0.00752860231888546 0.106439551211901 0)
(0.00770163126194988 0.0870224429522989 0)
(0.00759759706119258 0.0681693514605318 0)
(0.00730484965390724 0.0505033783108555 0)
(0.00690239170144372 0.0339931732006091 0)
(0.0064253200050681 0.0182638229665668 0)
(0.00588706417746245 0.00282792362844347 0)
(0.00528713216435296 -0.0127866147920455 0)
(0.00459804055447415 -0.0289556561477105 0)
(0.00381756748089497 -0.0459602751622316 0)
(0.00274231783374082 -0.0639891925921231 0)
(0.00165335747605556 -0.0837252142236828 0)
(-0.00172974439276819 -0.107417976237555 0)
(-0.00145819071821491 -0.139400546129611 0)
(-0.0100337057550778 -0.182076335444477 0)
(-0.000120620474975142 -0.23329827228832 0)
(0.00416684275895335 0.119424580951412 0)
(0.0106758287009404 0.139703848887461 0)
(0.0144172640945463 0.136528470051625 0)
(0.0178868407321242 0.123758369338929 0)
(0.0199682841582121 0.105772810091352 0)
(0.0213039955520084 0.0867718231286563 0)
(0.0220346050189378 0.0682197750572982 0)
(0.0222969124510656 0.0507602708024762 0)
(0.0222003233941583 0.0344122117924229 0)
(0.0217948073348177 0.0188481828110896 0)
(0.0210805898981215 0.00360794163237776 0)
(0.0200360308718121 -0.0117775119986574 0)
(0.0185828236553957 -0.0276812468557981 0)
(0.0167349501459182 -0.0443807607283488 0)
(0.0142415710213401 -0.0619861487542407 0)
(0.0113738217559872 -0.0810236915810959 0)
(0.00570045549476274 -0.103938084661235 0)
(0.00484342770319191 -0.135347453272908 0)
(-0.0080671528682674 -0.179807527681448 0)
(0.00263046764301916 -0.238021007657727 0)
(0.00647463864050863 0.109882613066112 0)
(0.0162151678771464 0.132735215324557 0)
(0.0230181166514238 0.130916935972431 0)
(0.0284192754884818 0.120074103753756 0)
(0.0323622241308861 0.103296333354685 0)
(0.0350232503991361 0.0852175475561601 0)
(0.0367678558140077 0.0673834948538554 0)
(0.0377486570772278 0.0504723605995803 0)
(0.0380827875915986 0.0345836326074621 0)
(0.0378301861009089 0.0194628620704735 0)
(0.036976581898406 0.0047060646110913 0)
(0.0354970276551153 -0.0101320440590499 0)
(0.0332439056201067 -0.0254089590255719 0)
(0.0302795477655686 -0.0414305640143157 0)
(0.0261681698959951 -0.0582709350902243 0)
(0.0214874565158639 -0.0764806916456032 0)
(0.013503988209675 -0.0981591451139806 0)
(0.0110505936730195 -0.129052796735515 0)
(-0.00633495481145654 -0.175621272267795 0)
(0.00570014087590622 -0.240601426482722 0)
(0.00841918145453727 0.0965410106475378 0)
(0.0212081699331087 0.123735902536003 0)
(0.0307870096922786 0.124321891099325 0)
(0.0383966457968253 0.115113949680143 0)
(0.0444556833489823 0.0998425143168971 0)
(0.0488026637962161 0.0828453128402084 0)
(0.0518622434035545 0.0659075146383764 0)
(0.0538151419514096 0.0497555886307502 0)
(0.0547731675253 0.0345568037230082 0)
(0.0548077236753112 0.0201312755344822 0)
(0.0538834666707435 0.00614508548430227 0)
(0.0519956120781098 -0.00781970873748649 0)
(0.0488955866955048 -0.0220912148206969 0)
(0.0447705526802338 -0.0370186990845543 0)
(0.038866130171361 -0.052707134921993 0)
(0.0323294711846962 -0.0697424474358701 0)
(0.0217753039210099 -0.0899935626826104 0)
(0.0175583839522044 -0.120718166170864 0)
(-0.00420296025421491 -0.169780585379082 0)
(0.0100581807771878 -0.241251311105673 0)
(0.0102248776060442 0.0795980069383119 0)
(0.0255634230812935 0.10993930180511 0)
(0.0376563953672232 0.113434970736056 0)
(0.0477002717874983 0.106392686426027 0)
(0.0560576173153026 0.0933594696382959 0)
(0.0624645051754485 0.0781563101171335 0)
(0.0671894209063701 0.0627025467677736 0)
(0.0704224778970722 0.0478375576683122 0)
(0.0722490347071106 0.0338129317103634 0)
(0.0727626268091505 0.0205272940226657 0)
(0.0718816521033511 0.00774035098441642 0)
(0.0696556731940025 -0.00492728811496796 0)
(0.0656839562021778 -0.0177290021584088 0)
(0.0604055329158438 -0.0310877390562873 0)
(0.0525646366676747 -0.0451463730785905 0)
(0.0441694252563736 -0.0607096147226173 0)
(0.0306843281182232 -0.0793802852582074 0)
(0.0247358506458956 -0.110105287614687 0)
(-0.00176504473047303 -0.162093256438391 0)
(0.015198114001743 -0.240685157488667 0)
(0.0104090664187868 0.0599452409406377 0)
(0.0278200804162699 0.0959367807138187 0)
(0.0421587941882463 0.102468073857977 0)
(0.0548807089075576 0.0971889234374913 0)
(0.066095028831722 0.0860632758746805 0)
(0.0751917827363431 0.0726426055713521 0)
(0.0821168675728464 0.0587865100906931 0)
(0.08705230013356 0.0453962971303069 0)
(0.0900755975241176 0.0327918406394965 0)
(0.0913356951567301 0.0209192437314611 0)
(0.0906792208313384 0.00965010404212453 0)
(0.088294431637234 -0.00140799262958222 0)
(0.0835167523878967 -0.0123223181850945 0)
(0.0772272714168122 -0.0236697428231072 0)
(0.0674336942549157 -0.035595561135385 0)
(0.0573452014846407 -0.0493619558014229 0)
(0.0407209584026627 -0.0661820445682041 0)
(0.033296058127336 -0.0972646942532173 0)
(0.00144006949968669 -0.152419991228929 0)
(0.0219578520035328 -0.237813986742278 0)
(0.00896287090912285 0.0403325834441136 0)
(0.0270312170592037 0.0753132694419869 0)
(0.0438408023806618 0.0842376675798405 0)
(0.0595930606076883 0.0815601179633263 0)
(0.0739981383651075 0.0731995729399457 0)
(0.0862541946150659 0.0625479247469147 0)
(0.0958659669657201 0.0512122205684587 0)
(0.102917053218766 0.0401277529599569 0)
(0.107431008613499 0.029744901127772 0)
(0.109720345149963 0.0200253997258578 0)
(0.10943859472329 0.0109464594957603 0)
(0.107225728906557 0.00210856175525545 0)
(0.101927524514209 -0.00643938097168519 0)
(0.0951521981947363 -0.0152893988195433 0)
(0.0838270017961225 -0.0244614000102663 0)
(0.0727709762473168 -0.0359969098778668 0)
(0.0532955982329738 -0.0503546951032741 0)
(0.0449830411793085 -0.0820570432978247 0)
(0.00666085180627423 -0.140393535579025 0)
(0.0310379701833174 -0.229428794375282 0)
(-0.00183877008657419 0.02482694193798 0)
(0.0186432667259596 0.060841793773677 0)
(0.0384416888302905 0.0690108211966603 0)
(0.0583035607269076 0.0672937362575297 0)
(0.0767991946405361 0.0608451048336222 0)
(0.0927511081394974 0.052578289837945 0)
(0.105554771348768 0.0439614007729488 0)
(0.115321577359055 0.0353319591425833 0)
(0.121903511880401 0.0272428680519682 0)
(0.125925707007922 0.0197573103675498 0)
(0.126748761974745 0.0129653895996995 0)
(0.125630724659857 0.00653773763437623 0)
(0.120889794019516 0.000582609543799601 0)
(0.115215086070881 -0.00572024340548678 0)
(0.103957403963082 -0.0120075316337704 0)
(0.0938256836619481 -0.0209406571046561 0)
(0.0728952401418541 -0.032521273446742 0)
(0.0647906131884216 -0.0643737225039096 0)
(0.0196707855976048 -0.123190835054428 0)
(0.046499617590637 -0.205827301388831 0)
(-0.0151205881988948 0.029481071461332 0)
(-0.00118248694548741 0.0286128562982911 0)
(0.0265328225321153 0.0342144491612762 0)
(0.0525914762432427 0.0357288624873886 0)
(0.0761145647570895 0.0337425434098994 0)
(0.0966394078241261 0.0296811647259913 0)
(0.113629642320338 0.0250441105040679 0)
(0.127325371529164 0.0205451736895969 0)
(0.137301908885999 0.0163595222698959 0)
(0.144523609510035 0.0124330142023349 0)
(0.14825851567168 0.00901108004726872 0)
(0.150029615541495 0.0055778098356637 0)
(0.148148736273976 0.00272988227697496 0)
(0.145135258378567 -0.00105929033314218 0)
(0.136923523515556 -0.00421394655978706 0)
(0.130236063619147 -0.01056677702911 0)
(0.1123872431785 -0.0194979447061982 0)
(0.106091378037426 -0.0471589745301779 0)
(0.0592626553696072 -0.0938219704155723 0)
(0.0780217762781557 -0.156305391228051 0)
(0.0393922412869801 0.0383133153298244 0)
(0.0456791347019631 0.0275087559749103 0)
(0.0701157111250393 0.0249183084566166 0)
(0.100757213447417 0.0252248307970645 0)
(0.127682088497238 0.0243618681299539 0)
(0.152671111011724 0.0223719932238819 0)
(0.174624178257114 0.0198232043154995 0)
(0.194145743625306 0.0174843028095633 0)
(0.209914868538565 0.0151567316486224 0)
(0.223492261956572 0.0132411196660822 0)
(0.233495289284016 0.0112932500703048 0)
(0.24188461883562 0.0098024488652691 0)
(0.246958684250595 0.00807143410746112 0)
(0.250760796987888 0.00679165447762437 0)
(0.251258346097974 0.00485896304988355 0)
(0.248649810667735 0.00214021299864179 0)
(0.23926508750106 0.0018631517569002 0)
(0.223589978222187 -0.0103406271484321 0)
(0.172877316227774 -0.0134261661785356 0)
(0.145850354552624 -0.0652419436386839 0)
)
;

boundaryField
{
    movingWall
    {
        type            fixedValue;
        value           uniform (1 0 0);
    }
    fixedWalls
    {
        type            noSlip;
    }
    frontAndBack
    {
        type            empty;
    }
}


// ************************************************************************* //
