# x y z of interpol's points (Nrw=200 random=false seed=1 num_threads=1), OpenFOAM's cellPoint U there; -1e300 outside the mesh
0.58407230829325418 0.59296091189387956 0.6656732097415422 2.3224775711926791 -0.037132850082562285 -0.42736266415597368
0.21446217463741002 0.47235033372012591 0.56292040533666199 2.1213353939264219 -0.10753261212575244 -0.31673446665953209
0.15857123482558677 0.65149808048162405 0.073229920497124942 1.1366710309922854 -0.45216513915269985 0.22483093295424283
0.69580561916703199 0.81993917628281565 0.89687635442389979 2.8019674721185925 0.13068861524150752 -0.69108210966522621
0.69367675866141176 0.40744039954998079 0.25653722695486125 1.5023466580065428 -0.32417866969771025 0.023709338096401727
0.38431788753022916 0.16794822754684924 0.26714899262655273 1.535241523750523 -0.31266546668731704 0.0056171619372123449
0.5928932593613041 0.43704882980871823 0.74282258478903218 2.4812250576053638 0.018428770161877356 -0.5146737816829503
0.17997655583991387 0.68522317883107209 0.3293182029453447 1.6569468152180356 -0.27006861467368759 -0.061320748369919575
0.061673005330801965 0.10070782699045674 0.43044801482917344 1.8584304132209211 -0.19954935537267754 -0.17213672727150672
0.67551636562588335 0.87926416958558906 0.79374894258083062 2.5966910221955968 0.058841857768458759 -0.57818006220757834
0.73995074690417517 0.062512354003693399 0.62479001689786184 2.2543715968955897 -0.060969941086543786 -0.38990437829257418
0.73206989520143018 0.056946752308349481 0.63168303086341981 2.266415549612792 -0.056754557635522854 -0.39652855228703571
0.55055140494593213 0.51043650387172501 0.10204051094791454 1.2069618113947316 -0.42756336601184375 0.18617100373289747
0.47432108959007896 0.50145160064711003 0.79606850629751003 2.5852692800898334 0.054844248031441729 -0.57189810404940866
0.85978930496239547 0.61881960061075314 0.79064675927525285 2.5831311675490625 0.054095908642172029 -0.57072214215198458
0.67418926351961084 0.036971739011580115 0.31336587591650683 1.6336832518710764 -0.27821086184512328 -0.048525788529092076
0.31019990498942462 0.34333873281797306 0.30977947825421004 1.6291620765676502 -0.27979327320132275 -0.046039142112207339
0.5253263964309588 0.46934113821543932 0.038253205754300815 1.0743377266253777 -0.47398179568111787 0.25911425035604235
0.51198004452737667 0.69594582491797718 0.81757574111436027 2.6297333676606645 0.070406678681232487 -0.5963533522133655
0.70699366578705036 0.92238970723854008 0.82087837685235354 2.6394235298717934 0.073798235455127564 -0.60168294142948631
0.034704884587377922 0.016997575321091796 0.099343477493957805 1.197976927730046 -0.43070807529448374 0.19111268974847456
0.72138002153224079 0.46906663625892503 0.18338842867397451 1.3622693157457804 -0.37320573948897673 0.10075187633982063
0.43254742737018914 0.70007562661368528 0.2799376997112441 1.5596585174765825 -0.30411951888319616 -0.0078121846121203342
0.66692479316883901 0.42050608275293205 0.82637007998611745 2.6653535598116695 0.082873745934084059 -0.61594445789641794
0.74745087708457181 0.29310899853607364 0.40557026600710872 1.8043032460453576 -0.21849386388412503 -0.14236678532494665
0.80868049694994548 0.031641681609635562 0.75754753966121602 2.5216044393627524 0.032561553776963334 -0.53688244164951393
0.18896260704474691 0.58819742909472417 0.029323221024093384 1.0578132493323036 -0.47976536273369369 0.26820271286723296
0.78619160906969321 0.81217872162672433 0.36284029015151908 1.7202334655710847 -0.24791828705012056 -0.096128406064096436
0.17232634397323396 0.88623417482889599 0.55604275972811279 2.1168048710932563 -0.10911829511736054 -0.31424267910129072
0.96360099978768421 0.71368534465014088 0.94101864304676774 2.8802701131466963 0.15809453960134395 -0.73414856223068348
0.92003746171606227 0.85869188867648238 0.66361394493321813 2.3368324240088598 -0.032108651596899025 -0.43525783320487305
0.17816473959593665 0.60072416938425044 0.1818142168750447 1.3749303110754942 -0.36877439112357713 0.093788328908478227
0.1533360836541123 0.91339238065232564 0.8929750370233579 2.7881694786024869 0.12585931751087043 -0.6834932132313678
0.43212868108425434 0.076670286188265435 0.052753458496002346 1.1095021400226763 -0.46167425099206333 0.23977382298752806
0.44570420698505497 0.52845634650491047 0.29969973884966505 1.5971520691790382 -0.29099677578733663 -0.028433638048471079
0.53878360829954741 0.84609378931386858 0.62551853059941009 2.2479000402405669 -0.063234985915801803 -0.38634502213231153
0.32753937539341943 0.25634805233111146 0.76665200384118615 2.5167099057241065 0.030848467003437068 -0.53419044814825856
0.68332182123055707 0.43130512985241115 0.91631855993066891 2.8408006424150969 0.14428022484528391 -0.71244035332830324
0.066817272453811638 0.81452844682900161 0.23135157475889037 1.4660552450872104 -0.33688066421947627 0.043669615202034162
0.37016968037408243 0.045220640612409609 0.57244067028436474 2.1461537532971477 -0.098846186345998344 -0.33038456431343122
0.2787323657770675 0.96264979436948128 0.23698081863794077 1.4698569900781122 -0.33555005347266076 0.041578655457038281
0.06967335837016185 0.61859642068861154 0.63305377224650972 2.2647692901533163 -0.057330748446339411 -0.39562310958432395
0.93489238186870749 0.80533525570400155 0.96545179061459641 2.9282023031810778 0.1748708061133773 -0.76051126674959291
0.79830302654086005 0.377232382694215 0.62730364334146027 2.2543064923059442 -0.060992727692919392 -0.38986857076826958
0.61415331548148788 0.45573288053341593 0.52374174119431804 2.043218135327769 -0.13487365263528084 -0.27376997443027301
0.30307107918037685 0.81726074761376666 0.5833258419522438 2.1663822558448356 -0.091766210454307384 -0.34151024071465974
0.37597048032446079 0.82289221204393226 0.48402486984949011 1.9606652704777749 -0.16376715533277869 -0.22836589876277635
0.53828596351923819 0.28954220112105844 0.34393445648435478 1.696619111062752 -0.25618331112803677 -0.083140511084513674
0.041883797334818854 0.78853958514460709 0.37914359031250244 1.7588642412600761 -0.2343975155589734 -0.1173753326930419
0.13039629884914572 0.3952329740796155 0.33308597108939991 1.6737549329417032 -0.26418577347040401 -0.070565213117936718
0.091936787203917722 0.2050465860812074 0.65587539004871853 2.3096058001350039 -0.041637969952748363 -0.42028319007425252
0.71830442836355601 0.8123483818691023 0.27915178966609289 1.5556946669894154 -0.30550686655370463 -0.0056320668441785628
0.69065383200043506 0.45155493212836972 0.94334747405914643 2.890249107663049 0.1615871876820672 -0.73963700921467712
0.0068450477262780125 0.60394929716037682 0.53178691179595161 2.0525181494060329 -0.13161864770788842 -0.27888498217331825
0.33541640891422886 0.57598577990554056 0.55817797264527347 2.1318320130884083 -0.10385879541905699 -0.32250760719862481
0.10923054349872757 0.49473434512250342 0.75730800729431791 2.5001485015804148 0.025051975553145187 -0.52508167586922816
0.69137628225092251 0.1353670570036023 0.25861451945648861 1.5206117357368105 -0.31778589249211642 0.013663545344754266
0.43051435875518296 0.44952677289348858 0.32718531846388699 1.6613152477353574 -0.26853966329262507 -0.063723386254446401
0.68638995657253954 0.46959294182903755 0.50278545788839357 2.0077712672233847 -0.14728005647181538 -0.25427419697286169
0.20053111414293917 0.014940415275316804 0.95009427201041152 2.894600505179493 0.16311017681282247 -0.74203027784872133
0.071552402748891811 0.19834433225022904 0.48101746362327913 1.9659497913035633 -0.16191757304375298 -0.23127238521695975
0.54881535571894136 0.85300917253620523 0.81419070111081637 2.6292986799370319 0.070254537977961259 -0.59611427396536787
0.084982692362149392 0.60500488925864404 0.29207018582734101 1.5947629789887039 -0.29183295735395365 -0.027119638443787196
0.59383115324061708 0.42333961508179135 0.46090054270238268 1.9094221151013646 -0.18170225971452234 -0.20018216330575067
0.27631926350404939 0.39897674984470066 0.19132719737710013 1.3742079627525348 -0.36902721303661296 0.094185620486105973
0.68097166680190768 0.97699026757423624 0.58678286046322481 2.1747164926963025 -0.088849227556294305 -0.34609407098296624
0.81983057556641636 0.56670816162191828 0.98373088040683121 2.9669862083044691 0.18844517290656421 -0.78184241456745829
0.9889277765461687 0.89683231799813312 0.68464767505704771 2.371530692561111 -0.019964257603611063 -0.45434188090861122
0.43865413133033382 0.73944062901784902 0.39008565001547263 1.777075810082859 -0.22802346647099955 -0.12739169554557225
0.72795161970741384 0.43548492955776752 0.69576802419015982 2.3879206334099972 -0.014227778306501003 -0.46335634837549861
0.94346952417776264 0.01765635636259328 0.074716756991052291 1.1504065880919079 -0.44735769416783222 0.2172763765494507
0.46473707980207046 0.76739111206024191 0.40880275391732784 1.8113075523076803 -0.21604235669231187 -0.14621915376922426
0.79846988526018559 0.87866441413695562 0.81183261047044186 2.6274601722239499 0.069611060278382139 -0.59510309472317224
0.24217157809126069 0.66410072859629388 0.93695098018860867 2.8753237022250602 0.15636329577877078 -0.73142803622378283
0.23321974308430707 0.22270905663264451 0.35707169775928832 1.714774212497622 -0.2498290256258324 -0.093125816873692022
0.29924691036815093 0.66378333745349583 0.069678303426864374 1.144592682455861 -0.44939256114044873 0.22047402464927651
0.60830350129483379 0.99963847882671575 0.99500331978767309 2.9903433829558179 0.19662018403453607 -0.79468886062569966
0.074255334360651112 0.1452169410241585 0.7243712582859162 2.4552882330436048 0.0093508815652615009 -0.50040852817398251
0.085874984048964667 0.22977185502982478 0.39143725728868323 1.7779430612538414 -0.22771992856115544 -0.12786868368961282
0.89916083465029928 0.65528429695800228 0.6512732596991565 2.294800921192135 -0.046819677582752794 -0.41214050665567425
0.56598119783168654 0.21936760841057695 0.27014178161291508 1.5360443325711963 -0.31238448360008131 0.0051756170858420335
0.28077584827279978 0.80191717482406255 0.13005633232744215 1.2583383429856854 -0.40958157995501021 0.15791391135787319
0.56943710411703485 0.95945413472458485 0.23326680861315055 1.464411688076694 -0.33745590917315715 0.044573571557818326
0.86417532108356998 0.17632022824774488 0.28605572071872049 1.5739166745913484 -0.29912916389302796 -0.015654171025241862
0.75366017333322166 0.30840835665927607 0.019050390183516726 1.0386698665372887 -0.48646554671194886 0.27873157340449117
0.45589531333977884 0.69810072479410534 0.15657013941895501 1.3127826452740785 -0.39052607415407253 0.12796954509925682
0.081547652689254166 0.87932455883997118 0.4874616005783593 1.9746489899856927 -0.15887285350500757 -0.23605694449213099
0.73121199072228915 0.54870030623321531 0.80802888357976765 2.6101796935858892 0.06356289275506101 -0.5855988314722389
0.84442538908470754 0.18053130480704702 0.11995616856866444 1.2465637900341415 -0.4137026734880504 0.16438991548122206
0.027820726841430179 0.49819024868978418 0.511418364641398 2.0290118884311239 -0.13984583904910675 -0.2659565386371181
0.30969496265197138 0.83153975870188268 0.74463044460664352 2.4856610918778834 0.019981382157259499 -0.51711360053283628
0.42444319831373317 0.49611151223417221 0.56294475942435906 2.121810271669438 -0.10736640491569664 -0.31699564941819114
0.1620285607152426 0.73134326363293289 0.84622646623642406 2.6910662345289906 0.091873182085146665 -0.6300864289909448
0.4733134650112264 0.80837869233308801 0.33534779774416795 1.6663288071169993 -0.26678491750905015 -0.06648084391434983
0.59412967324927268 0.33398986822391302 0.8375303340634207 2.6686239903489968 0.084018396622148939 -0.61774319469194849
0.076442620741121375 0.20661493915836213 0.34886195627767391 1.7023387159788632 -0.2541814494073979 -0.086286293788374754
0.60322358147211996 0.1265150971453145 0.85935174930365565 2.7173388020652389 0.10106858072283378 -0.64453634113588176
0.56357053406887681 0.70920884726025446 0.51763387366677571 2.0315118859534689 -0.13897083991628592 -0.26733153727440795
0.064391906511930469 0.43127035344077469 0.26780298733712271 1.5428383855006318 -0.31000656507477892 0.0014388879746524471
0.94821226731085539 0.79168973388014952 0.56606789794907852 2.1414329101103373 -0.10049848146138184 -0.32778810056068586
0.084125827681252027 0.089918970069358825 0.73343869335812928 2.4584897796301126 0.010471422870539648 -0.5021693787965622
0.14924409572744543 0.61406794509447704 0.70648120970046302 2.4188046993178123 -0.0034183552387656337 -0.4803425846247969
0.59438195046966091 0.80039854996261761 0.39343750879470984 1.788121187701154 -0.22415758430459598 -0.13346665323563492
0.97177750807662266 0.44775220768222812 0.96322620088303335 2.9269614536193909 0.17443650876678685 -0.75982879949066506
0.54874512425051714 0.31180474121860441 0.47483274485440585 1.9545688308159845 -0.16590090921440573 -0.22501285694879125
0.076811796086156375 0.68726229938827077 0.38307501621420548 1.7602801554301679 -0.23390194559944116 -0.11815408548659249
0.33900113924498149 0.053609780737477249 0.97668376723496653 2.9560404983228681 0.18461417441300387 -0.77582227407757764
0.21326639149458967 0.31007670174886287 0.342883751168648 1.6921833621995996 -0.25773582323014022 -0.080700849209779837
0.81865846811371257 0.88286998261039673 0.73696801801494327 2.4764505817094067 0.016757703598292151 -0.51204781994017357
0.82195995272022548 0.8939408410991535 0.28581740708881825 1.5801063661747006 -0.29696277183885478 -0.019058501396085444
0.73732675163167083 0.16681193048978454 0.049373523260917741 1.0892517660027223 -0.46876188189904733 0.25091152869850281
0.4800357801035125 0.046680138416111704 0.65428151851964733 2.3048798724643556 -0.043292044637475595 -0.4176839298553956
0.40836378095947762 0.080390018081474834 0.28784149225085859 1.5718400985797607 -0.29985596549708404 -0.014512054218868078
0.99884986495126116 0.060068312131320772 0.011374731784526956 1.0234249479776847 -0.49180126820781023 0.28711627861227323
0.53608589570616783 0.83438697193951161 0.030765547939050036 1.0701759513236533 -0.47543841703672146 0.26140322677199063
0.58839287130202622 0.42110600395989517 0.80133762598411329 2.594279989948364 0.057997996481927147 -0.57685399447160002
0.84825192666705274 0.84383943500471081 0.86530575048249103 2.7383613601141796 0.10842647603996297 -0.65609874806279911
0.77599479475159483 0.9450727849108147 0.081453944408533235 1.1561625064919967 -0.44534312272780119 0.21411062142940174
0.82501951936756945 0.36952741584501864 0.83461018269606346 2.6795592282180292 0.087845729876310341 -0.62375757551991629
0.31135145269983638 0.90225765282041648 0.30050826191473318 1.6024860171976707 -0.28912989398081518 -0.031367309458719066
0.1059088957449299 0.65764880086072408 0.11695199946444201 1.2352722307702391 -0.41765471923041636 0.17060027307636846
0.31245511376195262 0.82266695205316376 0.29846115620283248 1.6094339276822858 -0.28669812531120004 -0.035188660225257115
0.79780607657015457 0.70111376561929584 0.7337177750495022 2.4676495475461948 0.01367734164116827 -0.50720725115040732
0.93908339035100774 0.038117224709631532 0.62682509046662815 2.254068400367335 -0.061076059871432872 -0.38973762020203423
0.87562798981072054 0.56469018080699029 0.087574578015317039 1.1704457904439098 -0.44034397334463138 0.20625481525584932
0.31096101250996805 0.41221414184664673 0.67558191464829176 2.3382397739383776 -0.031616079121567935 -0.43603187566610768
0.94275189266036064 0.50213864187825574 0.67326819333509202 2.3417762594822942 -0.030378309181197022 -0.43797694271526194
0.64865841649168177 0.81061696466934263 0.28264987289107224 1.5579490700588279 -0.30471782547941051 -0.0068719885323551659
0.36812879865609882 0.27891438529547741 0.94930505089074191 2.8972054452105334 0.16402190582368648 -0.74346299486579315
0.30418637991032543 0.26714189231118246 0.82402875600995396 2.6602799830312351 0.081097994060932405 -0.61315399066717957
0.24104942038432692 0.69333497304460101 0.32620487049348085 1.6570144256329065 -0.27004495102848286 -0.061357934098098491
0.54042586804348181 0.588906035853759 0.068838688359643727 1.1416484539938285 -0.45042304110216003 0.2220933503033943
0.6454450728721306 0.59384358705598073 0.22427160578631358 1.452523883735644 -0.34161664069252468 0.051111863945395783
0.7910196473394665 0.69389543084188932 0.203487548533787 1.4110058323824148 -0.35614795866615467 0.073946792189671665
0.82621719708203578 0.93831467661711665 0.74838115634290814 2.4955624754279206 0.023446866399772268 -0.52255936148535642
0.5968875566216546 0.13692690960909643 0.16239718651458088 1.3122637105137125 -0.3907077013202005 0.128254959217458
0.95901845983486922 0.65257448706215004 0.97008580691324109 2.9362752657932525 0.1776963430276382 -0.76495139618628871
0.57551759898446431 0.62378388478558877 0.61397922712371156 2.2211285328365067 -0.07260501350722276 -0.37162069306007867
0.58739724861236531 0.1431465156801999 0.72144948142091503 2.4382589274192341 0.003390624596731884 -0.49104241008057875
0.70885506315249769 0.50689581713122223 0.066912999114896579 1.1412576774271794 -0.45055981290048708 0.2223082774150513
0.043517197103175621 0.99074291436693351 0.68808251214594118 2.3697576495485992 -0.020584822657990332 -0.45336670725172962
0.37035742010643491 0.24704455008850687 0.86333536648366782 2.7370312433250237 0.10796093516375821 -0.65536718382876302
0.44289860754083499 0.10561988147043766 0.20477394248066391 1.4135150139852457 -0.35526974510516413 0.07256674230811494
0.24811068714466403 0.45944890927442256 0.38674336845053747 1.7628081162462226 -0.23301715931382225 -0.11954446393542237
0.16161435825263326 0.21665799021641263 0.81556179475839796 2.6231172760139074 0.068091046604867894 -0.59271450180764951
0.31863734982391423 0.47948021017056075 0.61526262248818664 2.2288038391160439 -0.069918656309384417 -0.37584211151382463
0.61790119610124727 0.80961323492855275 0.93426279194218265 2.8733976331949154 0.15568917161822038 -0.73036869825720352
0.57971015380368407 0.28133948127223041 0.46300070764663298 1.9310076180598914 -0.17414733367903817 -0.21205418993294017
0.020588778710327865 0.61510783909965427 0.12894900670218293 1.2631150045039401 -0.40790974842362088 0.15528674752283281
0.25817687974359849 0.67773448934433422 0.55102951382661813 2.0960210941795432 -0.11639261703715995 -0.30281160179874878
0.49650674409064871 0.77085526812919347 0.16704658290359797 1.3425385884166943 -0.38011149405415728 0.11160377637081841
0.071139566643735219 0.18506741014479328 0.41090672980754833 1.8124887696969012 -0.21562893060608451 -0.14686882333329579
0.91264623259473243 0.46151347959832484 0.43001742311903896 1.8590718195610676 -0.19932486315362641 -0.17248950075858716
0.81617439324268737 0.81923822948784031 0.90503732564507966 2.8030617291730104 0.13107160521055347 -0.69168395104515579
0.75253285073073284 0.78630010573168152 0.68078413776633884 2.3635569679463151 -0.022755061218789546 -0.44995633237047367
0.12376163446559633 0.56446680397379789 0.11844161612655746 1.2385446296533666 -0.41650937962132173 0.16880045369064833
0.7923006794199946 0.48970955798686761 0.77265882800680252 2.5502843240377873 0.042599513413225473 -0.55265637822078317
0.11677596035756185 0.65702051702118724 0.23989811241519735 1.4823392064433207 -0.33118127774483774 0.034713436456173544
0.5502544439358602 0.65704990794219464 0.57000445316728121 2.139322929864298 -0.10123697454749589 -0.32662761142536378
0.63593656627972639 0.55770163881511281 0.67703825023581232 2.3620415344945003 -0.02328546292692487 -0.44912284397197533
0.93140028337536995 0.4646422799886365 0.929806280944103 2.8511704124110109 0.1479096443438539 -0.71814372682605621
0.041479460768242188 0.6631348298704427 0.35950076580252427 1.7103503668726252 -0.25137737159458112 -0.090692701779943999
0.093108446395259961 0.5863097431468427 0.6500977775693253 2.2955921295196764 -0.046542754668113272 -0.41257567123582206
0.32128807725051239 0.016868609702390826 0.35335411055160149 1.7120649756228974 -0.2507772585319859 -0.091635736592593692
0.44586434054133239 0.24650523633842161 0.28885066251598618 1.5874962964190495 -0.29437629625333261 -0.023122963030477291
0.98418250311613009 0.63593662708147503 0.92069350317212717 2.8384691675450822 0.14346420864077869 -0.71115804214979517
0.078193523534003273 0.73659724912315938 0.88551179238119127 2.7731483265467163 0.12060191429135055 -0.67523157960069391
0.42286450931955538 0.77452834075861465 0.39859172552476962 1.7972482139537873 -0.2209631251161745 -0.13848651767458303
0.58977856958746666 0.32014101336767781 0.68574800726436924 2.3787803014116724 -0.017426894505914624 -0.45832916577642002
0.61260419133317301 0.87121547331458027 0.49046873222990589 1.972987981760755 -0.15945420638373586 -0.23514338996841519
0.24316798480795068 0.80947135304330153 0.51512393576539983 2.035977207138945 -0.1374079775013694 -0.26978746392641961
0.046231545655369764 0.48829615837186208 0.52752705180021431 2.0547732277835049 -0.1308293702757734 -0.28012527528092762
0.82713712916602022 0.59477858148668739 0.50496484067181124 2.0103508143859479 -0.14637721496491829 -0.25569294791227137
0.30317681637139154 0.80932535107517101 0.23473005172517925 1.4666006102518112 -0.33668978641186587 0.043369664361503565
0.32899608509137174 0.17716328779435062 0.64277247886960132 2.2781228642484668 -0.052656997513036541 -0.40296757533665706
0.70188067975099999 0.42073501453855477 0.19992570445190649 1.4034507549462161 -0.35879223576882435 0.078102084779581055
0.020198881391659852 0.12399304982610303 0.046390065466051872 1.0902674908464012 -0.46840637820375952 0.25035288003447931
0.51423440935794418 0.32464046803044477 0.90423975369371734 2.8262267575003506 0.13917936512512266 -0.7044247166251929
0.73506615809156695 0.46227125592013885 0.95807383944109548 2.9150145900646427 0.17025510652262488 -0.75325802453555357
0.032533837773221101 0.04871828277253884 0.73422745630624286 2.4612772333973654 0.011447031689077958 -0.5037024783685512
0.90270090927372826 0.36977672616964513 0.59757251239882547 2.1893337794842878 -0.083733177180499344 -0.35413357871635837
0.39092679049243378 0.17060849260481739 0.29928188813907319 1.6008491711687012 -0.28970279009095468 -0.030467044142785674
0.46215972627195095 0.20518215984921251 0.03012620095894945 1.0602524019178987 -0.47891165932873531 0.26686117894515554
0.31178718192862048 0.30574914626992195 0.51864199227184338 2.0350571217657301 -0.13773000738199437 -0.26928141697115182
0.72931828830191858 0.16619570995628291 0.19647760432642231 1.3996305166576846 -0.36012931916981028 0.080203215838273306
0.31586484963239303 0.07942913042874275 0.95965695464104761 2.9130877351489297 0.16958070730212527 -0.75219825433191123
0.60067590454840225 0.22925234930019003 0.50776340491626049 2.0159410115437821 -0.14442064595967602 -0.25876755634908055
0.06241293686681737 0.47022681925794929 0.18990343766319401 1.3750537092740536 -0.36873120175408114 0.09372045989927047
0.56394534438795885 0.30458895963881716 0.94602693202274024 2.8953596390235941 0.16337587365825781 -0.74244780146297662
0.48196850048616363 0.56850254892045005 0.96042848378197065 2.9164033102053528 0.17074115857187327 -0.75402182061294387
0.3958171530010775 0.41327912101334691 0.02471135333195516 1.0458759940816069 -0.4839434020714376 0.27476820325511619
0.26166366182734258 0.10161258789530431 0.84551873955936696 2.6940175952903394 0.092906158351618751 -0.63170967740968686
0.85917384582730483 0.74353803672424545 0.89751622526686614 2.7861351949624042 0.12514731823684164 -0.68237435722932283
0.27643406915292307 0.51789421392971347 0.44051379360329801 1.8736946586244136 -0.19420686948145513 -0.18053206224342766
0.81899318840587632 0.22237560025611436 0.55530628209846378 2.1131639295670781 -0.11039262465152272 -0.31224016126189291
0.52005898196343026 0.80067002386120678 0.33071084930889272 1.6642023767934337 -0.26752916812229838 -0.065311307236388449
0.30424189654059136 0.47211397711566661 0.011384154176304392 1.0227683083526085 -0.4920310920765868 0.2874774304060651
0.20583749299024828 0.58340893688670747 0.46411576159962048 1.9262369951180849 -0.17581705170867035 -0.20943034731494667
0.10905029181017761 0.82043446818736021 0.64375730833496869 2.2957678449575925 -0.046481254264842627 -0.41267231472667598
0.21945363669991277 0.22669184431500441 0.38711464908191362 1.7706312334086591 -0.23027906830696951 -0.12384717837476238
