# x y z of interpol's points (Nrw=200 random=false seed=1 num_threads=1), OpenFOAM's cellPoint U there; -1e300 outside the mesh
0.058407230829325411 0.059296091189387945 0 0.025201112029925199 -0.0140577704427426 0
0.021446217463740997 0.047235033372012583 0 -0.0056707088661597099 0.109805433472657 0
0.015857123482558674 0.065149808048162394 0 0.031462976925413597 0.120315173221986 0
0.069580561916703185 0.081993917628281551 0 0.089165366140918897 -0.0198960962327954 0
0.069367675866141162 0.040744039954998069 0 -0.025700650745249999 -0.0515257485935601 0
0.038431788753022909 0.016794822754684923 0 -0.12010594531013701 0.035945574600731701 0
0.059289325936130399 0.043704882980871815 0 -0.020006086265280699 -0.018696740965909599 0
0.017997655583991384 0.068522317883107198 0 0.040931417807642798 0.11160594702891399 0
0.0061673005330801951 0.010070782699045672 0 -0.0201580033530048 0.022152380413014702 0
0.067551636562588321 0.087926416958558892 0 0.117464216765547 -0.0053593145917606297 0
0.073995074690417509 0.0062512354003693392 0 -0.14126083672520801 -0.020783675298599799 0
0.073206989520143012 0.0056946752308349472 0 -0.14337503846845001 -0.0182625950609927 0
0.055055140494593202 0.051043650387172491 0 0.00134626175227993 -0.0052279317626004003 0
0.047432108959007888 0.050145160064710995 0 -0.00065247258483679799 0.018314808908376601 0
0.085978930496239531 0.061881960061075304 0 0.0109657279849062 -0.120200846628769 0
0.067418926351961075 0.0036971739011580108 0 -0.15595174875662901 -0.0073504020415927603 0
0.031019990498942458 0.034333873281797302 0 -0.046744143661659902 0.068910315996488905 0
0.052532639643095874 0.046934113821543923 0 -0.0106591604342379 0.0022602754239965102 0
0.051198004452737658 0.069594582491797716 0 0.061566755471856402 0.0103047943682349 0
0.070699366578705028 0.092238970723853994 0 0.15033086645132601 -0.0030589216875353 0
0.0034704884587377915 0.0016997575321091793 0 0.00164249966389789 -0.0019557698939525201 0
0.072138002153224065 0.046906663625892492 0 -0.010008338133260001 -0.063101006386225095 0
0.043254742737018903 0.070007562661368525 0 0.063384593044642001 0.032223653466044201 0
0.066692479316883893 0.042050608275293194 0 -0.023171594711589701 -0.042635154150701703 0
0.07474508770845717 0.02931089985360736 0 -0.054835817281335603 -0.063916773250777506 0
0.080868049694994532 0.0031641681609635556 0 -0.089483538198763105 -0.016794866524667398 0
0.018896260704474685 0.058819742909472408 0 0.0214925171170871 0.117905853073818 0
0.078619160906969299 0.081217872162672414 0 0.064653425371821699 -0.042961234571741502 0
0.017232634397323393 0.088623417482889585 0 0.055625385414500697 0.059854685900568097 0
0.096360099978768404 0.07136853446501408 0 0.0104744521905405 -0.223699819059892 0
0.092003746171606213 0.085869188867648216 0 0.027206570402803699 -0.12608061024720699 0
0.017816473959593664 0.060072416938425036 0 0.023195812693748701 0.11958572184152801 0
0.015333608365411228 0.091339238065232545 0 0.048845463976986497 0.045116820736528701 0
0.043212868108425423 0.0076670286188265423 0 -0.15564012717496201 0.0163118988980053 0
0.044570420698505489 0.052845634650491038 0 0.0078129086313751695 0.0275135939376661 0
0.05387836082995473 0.084609378931386842 0 0.116140683807562 0.0097161783201516992 0
0.032753937539341936 0.025634805233111142 0 -0.078832693415390107 0.058203734085907101 0
0.068332182123055696 0.043130512985241107 0 -0.019918683402792299 -0.048598948628113703 0
0.0066817272453811626 0.08145284468290015 0 0.0242436849573445 0.073189671137093404 0
0.03701696803740824 0.0045220640612409603 0 -0.13615654969310501 0.0150383756701538 0
0.027873236577706746 0.096264979436948117 0 0.14000143601989001 0.023860298140098601 0
0.0069673358370161836 0.061859642068861145 0 0.0146094621292263 0.13107107815049299 0
0.09348923818687073 0.080533525570400138 0 0.014671399021582101 -0.16535620197839701 0
0.079830302654085986 0.037723238269421491 0 -0.028144114563539099 -0.092792107813710903 0
0.06141533154814878 0.045573288053341585 0 -0.0144734046045208 -0.025727354179425201 0
0.03030710791803768 0.081726074761376652 0 0.089118239852238906 0.057583083406166503 0
0.037597048032446068 0.082289221204393206 0 0.102296109143426 0.040135223133556101 0
0.053828596351923809 0.028954220112105841 0 -0.069340435980832005 0.00022045819735958899 0
0.0041883797334818845 0.078853958514460698 0 0.015907543262289801 0.066540868553614796 0
0.013039629884914569 0.039523297407961538 0 -0.0190501733446726 0.12990207572540899 0
0.0091936787203917708 0.020504658608120736 0 -0.044099017843910099 0.082247172711935698 0
0.07183044283635559 0.081234838186910213 0 0.081092220385435398 -0.025991282116518501 0
0.069065383200043504 0.045155493212836961 0 -0.0145805878006393 -0.051699889182741897 0
0.0006845047726278011 0.060394929716037674 0 0.00156623435161287 0.024623023726306099 0
0.033541640891422884 0.057598577990554047 0 0.022422452893207601 0.064503886265637203 0
0.010923054349872756 0.049473434512250336 0 0.00042644604492574398 0.139701501267633 0
0.069137628225092243 0.013536705700360228 0 -0.128934124774952 -0.026638517266079999 0
0.043051435875518289 0.044952677289348847 0 -0.015905555898367601 0.031585602174989201 0
0.06863899565725394 0.046959294182903746 0 -0.0101250300113447 -0.0502764262069329 0
0.020053111414293914 0.0014940415275316802 0 -0.020208003426923998 0.0080683003936894895 0
0.0071552402748891802 0.019834433225022902 0 -0.035038701867530699 0.071480076120941996 0
0.054881535571894124 0.085300917253620503 0 0.118455164448483 0.0083822067961580003 0
0.0084982692362149375 0.060500488925864397 0 0.0147669765119273 0.13261422116173199 0
0.059383115324061701 0.042333961508179127 0 -0.023961732011322401 -0.018793925841287099 0
0.027631926350404935 0.039897674984470055 0 -0.027740897512131199 0.083678314061167797 0
0.068097166680190765 0.097699026757423604 0 0.36570972367181298 0.0052963090663274703 0
0.08198305755664162 0.056670816162191821 0 0.0050686721885624501 -0.102367902177358 0
0.098892777654616848 0.089683231799813301 0 0.0139329259472413 -0.048969215505822103 0
0.043865413133033375 0.073944062901784888 0 0.077627655257753794 0.030088673463487502 0
0.072795161970741373 0.043548492955776744 0 -0.0176770578905843 -0.065109331271781298 0
0.094346952417776242 0.0017656356362593278 0 -0.016718369647470199 -0.0101600493696186 0
0.046473707980207037 0.076739111206024169 0 0.088298689780658995 0.023360118659333001 0
0.079846988526018542 0.08786644141369554 0 0.090272878722474706 -0.026459214980963298 0
0.024217157809126064 0.066410072859629382 0 0.043109516802548098 0.094472477719298106 0
0.023321974308430703 0.022270905663264447 0 -0.0806081046192446 0.080760692125009401 0
0.029924691036815089 0.066378333745349571 0 0.047055200613918199 0.074799582631933703 0
0.060830350129483374 0.099963847882671555 0 0.98911038479994295 0.000116719773144715 0
0.00742553343606511 0.014521694102415848 0 -0.0349881868690856 0.048970006770093603 0
0.008587498404896466 0.022977185502982472 0 -0.039199016073150197 0.091008267289963807 0
0.089916083465029911 0.065528429695800222 0 0.0053612281413725899 -0.147129031230332 0
0.056598119783168643 0.021936760841057692 0 -0.098504510916225405 -0.0044995659318143102 0
0.028077584827279973 0.080191717482406236 0 0.081685556073001306 0.065656285501827602 0
0.056943710411703478 0.095945413472458468 0 0.21241232572221 0.0087800835137654496 0
0.086417532108356981 0.017632022824774485 0 -0.069742765983390104 -0.093319724823020797 0
0.075366017333322155 0.030840835665927602 0 -0.049431758845948297 -0.067813633476727295 0
0.045589531333977876 0.069810072479410526 0 0.062951406208949401 0.0256271153011613 0
0.0081547652689254162 0.087932455883997104 0 0.019664052739697999 0.058598096932539902 0
0.073121199072228901 0.05487003062332152 0 0.0079133094371804207 -0.065722849531395899 0
0.084442538908470741 0.018053130480704699 0 -0.074946450460836506 -0.085971654135770306 0
0.0027820726841430174 0.049819024868978407 0 0.00066394955989419703 0.078812540134545403 0
0.030969496265197134 0.083153975870188246 0 0.093604265752983598 0.053575568722673099 0
0.042444319831373312 0.049611151223417214 0 -0.00177875679050836 0.034033799913554201 0
0.016202856071524257 0.073134326363293284 0 0.045686865840611199 0.10692153860435701 0
0.047331346501122633 0.080837869233308782 0 0.10321383339385599 0.020779590802481498 0
0.059412967324927263 0.033398986822391299 0 -0.0516573470122959 -0.016659915824937799 0
0.0076442620741121363 0.020661493915836208 0 -0.037033600732958201 0.077568798169165995 0
0.060322358147211985 0.012651509714531448 0 -0.142797185800383 -0.0076486286847373504 0
0.056357053406887674 0.070920884726025438 0 0.064483900582538306 -0.0028064492086253201 0
0.0064391906511930457 0.043127035344077462 0 -0.0063952898341829798 0.13598019448923801 0
0.09482122673108552 0.079168973388014929 0 0.0134935468739156 -0.188400535737939 0
0.0084125827681252024 0.0089918970069358811 0 -0.025362955267375999 0.024840330623361401 0
0.014924409572744541 0.061406794509447693 0 0.023453058816653698 0.126525278572925 0
0.059438195046966083 0.080039854996261747 0 0.095815110791610203 -0.0033825330168346102 0
0.09717775080766225 0.044775220768222802 0 -0.0048843328925254996 -0.123935487215125 0
0.054874512425051702 0.031180474121860438 0 -0.060904522806210303 -0.0030929811682636598 0
0.0076811796086156368 0.068726229938827071 0 0.022331599620212899 0.11763315919990699 0
0.033900113924498147 0.0053609780737477238 0 -0.12912073627980999 0.020524306356834301 0
0.021326639149458964 0.031007670174886284 0 -0.050227564993882499 0.098656273873555494 0
0.08186584681137124 0.088286998261039654 0 0.081756775831713799 -0.029468705552134801 0
0.082195995272022537 0.089394084109915339 0 0.090972592310170394 -0.030065039052533101 0
0.073732675163167075 0.016681193048978454 0 -0.106142114949435 -0.043844568655598 0
0.048003578010351239 0.00466801384161117 0 -0.15965018090394001 0.0068051957897014301 0
0.040836378095947756 0.0080390018081474817 0 -0.149182367039778 0.019542486251827199 0
0.099884986495126102 0.006006831213132076 0 -0.00090629608540982397 -0.00167062283042195 0
0.053608589570616774 0.083438697193951139 0 0.112283753870785 0.0096061115107257695 0
0.058839287130202617 0.04211060039598951 0 -0.024657084096268999 -0.017081944902114399 0
0.084825192666705254 0.08438394350047107 0 0.057188184316502702 -0.058307476754689197 0
0.077599479475159466 0.094507278491081453 0 0.17579195740857001 -0.0055701213372776797 0
0.082501951936756926 0.036952741584501861 0 -0.0278030987476213 -0.105961667511958 0
0.031135145269983636 0.090225765282041626 0 0.105602497001052 0.035463262190285998 0
0.010590889574492987 0.065764880086072397 0 0.024901881890111499 0.126724884366825 0
0.031245511376195259 0.082266695205316362 0 0.092435104662880893 0.0544914493513423 0
0.079780607657015445 0.070111376561929575 0 0.0329815867358964 -0.073935504616951295 0
0.093908339035100763 0.0038117224709631526 0 -0.033128062509876002 -0.021751969044590799 0
0.08756279898107204 0.05646901808069902 0 0.0023973450247760102 -0.13787981387329001 0
0.031096101250996801 0.041221414184664663 0 -0.024972508684155001 0.071271107834429595 0
0.09427518926603605 0.050213864187825565 0 -0.0066573346864451299 -0.199266951210573 0
0.064865841649168171 0.081061696466934244 0 0.093620207026973198 -0.0125704627500005 0
0.036812879865609875 0.027891438529547737 0 -0.072329092637735001 0.0472782506561195 0
0.030418637991032539 0.026714189231118242 0 -0.073247762887950901 0.065958424986450007 0
0.024104942038432688 0.06933349730446009 0 0.050394185460056098 0.092252694787906098 0
0.054042586804348175 0.058890603585375893 0 0.025129588909166199 -0.000749960008799035 0
0.064544507287213046 0.059384358705598064 0 0.023152625065867599 -0.033506632912507203 0
0.079101964733946636 0.069389543084188918 0 0.032821932004038601 -0.072654916165567199 0
0.082621719708203561 0.093831467661711646 0 0.14622488157483099 -0.016149192897311201 0
0.059688755662165451 0.01369269096090964 0 -0.13817962762031599 -0.0071884491071887904 0
0.095901845983486902 0.065257448706214999 0 0.0020382884162968799 -0.183705991011162 0
0.057551759898446422 0.062378388478558866 0 0.0350976676789332 -0.0103367990636499 0
0.05873972486123652 0.014314651568019988 0 -0.13583210335861401 -0.0058021897123938697 0
0.070885506315249758 0.050689581713122212 0 -0.0012246759675338999 -0.058356619847381802 0
0.0043517197103175613 0.099074291436693329 0 0.696371028388452 0.011653996949027599 0
0.03703574201064349 0.024704455008850684 0 -0.085031740161342503 0.045231174294358599 0
0.04428986075408349 0.010561988147043764 0 -0.15007987084226301 0.018371036217799602 0
0.024811068714466398 0.04594489092744225 0 -0.0098233970411406805 0.096511110725615898 0
0.016161435825263325 0.021665799021641258 0 -0.066254247317041798 0.091259735207688195 0
0.031863734982391416 0.047948021017056065 0 -0.0054366008648310303 0.070059384199083793 0
0.061790119610124719 0.080961323492855258 0 0.096853286809418307 -0.0068986456449862702 0
0.057971015380368397 0.028133948127223037 0 -0.071067833799237895 -0.0105582923544738 0
0.002058877871032786 0.061510783909965422 0 0.00494127817853775 0.080153758228283301 0
0.025817687974359845 0.06777344893443342 0 0.047987996811589599 0.087882145026937794 0
0.049650674409064864 0.077085526812919331 0 0.089484737640267001 0.015811725340524399 0
0.0071139566643735209 0.018506741014479324 0 -0.0359618606939026 0.067593815116475497 0
0.091264623259473224 0.046151347959832473 0 -0.012480639665492 -0.17152512327691299 0
0.081617439324268723 0.081923822948784017 0 0.055313767077120601 -0.049445731318777802 0
0.075253285073073273 0.078630010573168138 0 0.065684720873220803 -0.040206638735583 0
0.012376163446559632 0.056446680397379781 0 0.0125448366518469 0.13617491112066199 0
0.079230067941999438 0.048970955798686752 0 -0.0060262258407869796 -0.092615771211805406 0
0.011677596035756183 0.065702051702118722 0 0.026481723620439698 0.12587683190756399 0
0.055025444393586011 0.065704990794219459 0 0.047010163175553801 -0.0015567301434679299 0
0.063593656627972631 0.055770163881511271 0 0.013441635525124699 -0.031860117315471503 0
0.093140028337536984 0.046464227998863641 0 -0.0112037240892159 -0.186770483076102 0
0.0041479460768242184 0.066313482987044259 0 0.0117932254425105 0.10796117135929 0
0.0093108446395259951 0.05863097431468426 0 0.013617032083675601 0.13688324829166101 0
0.032128807725051237 0.0016868609702390823 0 -0.077609023587188103 0.0072528955883345604 0
0.044586434054133234 0.024650523633842156 0 -0.087737713538176498 0.024673735196694399 0
0.098418250311612998 0.063593662708147494 0 0.00325231447455909 -0.142602238968943 0
0.0078193523534003263 0.073659724912315927 0 0.026665477169547001 0.104645805179298 0
0.04228645093195553 0.077452834075861454 0 0.089773672015910799 0.033306131159586402 0
0.058977856958746661 0.032014101336767777 0 -0.056491977322791397 -0.0148610978568892 0
0.061260419133317291 0.087121547331458007 0 0.121266273824937 0.0011836863597480701 0
0.024316798480795064 0.080947135304330134 0 0.075378826702121093 0.072902690055737407 0
0.0046231545655369757 0.048829615837186202 0 0.00034659398354123199 0.13254750886139299 0
0.082713712916602011 0.059477858148668732 0 0.0096291923384241602 -0.104545762066356 0
0.03031768163713915 0.080932535107517078 0 0.087516480271624203 0.058943181285808298 0
0.032899608509137167 0.017716328779435058 0 -0.11045670626946 0.050052748875379298 0
0.070188067975099994 0.042073501453855466 0 -0.022133697305426199 -0.054818155954563297 0
0.0020198881391659848 0.0123993049826103 0 -0.0071560224918365296 0.012382687759000499 0
0.051423440935794408 0.032464046803044475 0 -0.0567444642597911 0.0061836025133093697 0
0.073506615809156683 0.046227125592013876 0 -0.011312847990781401 -0.068376478316958103 0
0.0032533837773221098 0.004871828277253883 0 -0.0017856567282019901 0.00108431056558938 0
0.090270090927372815 0.03697767261696451 0 -0.021665767912411399 -0.15702737090833299 0
0.039092679049243372 0.017060849260481736 0 -0.119335698108229 0.034485643194237303 0
0.046215972627195089 0.020518215984921248 0 -0.10651887311467501 0.019909666211228499 0
0.031178718192862043 0.030574914626992189 0 -0.0596395347403205 0.0662908047649092 0
0.07293182883019185 0.016619570995628288 0 -0.107884983127203 -0.041459901851750899 0
0.031586484963239299 0.0079429130428742747 0 -0.12839060690437401 0.0317672391968125 0
0.060067590454840218 0.022925234930018999 0 -0.092611538584452299 -0.0134030697443817 0
0.006241293686681736 0.047022681925794924 0 -0.00160319408434305 0.13803072769239699 0
0.056394534438795878 0.03045889596388171 0 -0.0628928513112013 -0.0071501849235337802 0
0.048196850048616353 0.056850254892044996 0 0.0197126728427847 0.0166363210920938 0
0.039581715300107741 0.041327912101334685 0 -0.0266723226707841 0.042118514645844797 0
0.026166366182734255 0.010161258789530428 0 -0.110827656540759 0.045028156969677997 0
0.085917384582730461 0.074353803672424543 0 0.029416180910877499 -0.096177449785726302 0
0.027643406915292303 0.051789421392971338 0 0.0057343854506518403 0.086448213634464699 0
0.081899318840587612 0.022237560025611433 0 -0.068305287833094502 -0.085007923158654505 0
0.05200589819634302 0.080067002386120661 0 0.100001887494289 0.0113648831843789 0
0.030424189654059131 0.047211397711566655 0 -0.0073550270791798902 0.075276085898627304 0
0.020583749299024824 0.058340893688670736 0 0.0210806824847086 0.111909504889375 0
0.01090502918101776 0.082043446818736002 0 0.037602255529134702 0.083685869194634097 0
0.021945363669991273 0.022669184431500438 0 -0.077059316638223394 0.084756960164276099 0
